192895.201
194182.318
207185.5
211109.19
237801.283
252153.921
259319.239
281896.958
303539.592
307400.943
341485.708
352607.719
381136.979
381621.023
389970.782
397143.434
399317.965
398173.861
405826.89
427671.209
428547.622
416101.824
400286.053
397165.436
406714.304
401855.529
387220.532
411752.762
434341.482
440370.03
450076.579
449053.486
467648.843
477920.11
454491.647
459790.462
467883.531
483233.593
517219.349
515415.185
534483.585
525690.119
519162.859
553185.285
552349.209
563071.517
550233.35
560801.644
544974.872
513937.384
499137.372

