1602.479
2046.186	
2662.242	
3674.334	
4008.031	
3611.995	
3703.67	
3912.689	
4231.718	
4723.096	
7682.365	
8100.403	
7990.393	
10590.296	
14172.955	
17168.894	
20700.215	
24704.579	
34532.139	
40923.72	
47971.694	
48631.754	
49786.859	
53391.52	
71755.856	
77043.67	
81319.392	
82775.191	
86277.176	
92800.569	
101172.53	
106475.012	
108957.571	
111737.157	
119206.836	
121861.744	
128759.371	
134190.198	
137211.806	
145279.206	
150405.672	
152235.505	
152400.52	
163350.182	
161681.697	
161663.362	
177446.13	
190254.961	
191787.767	
184791.131	
197057.246
