584299.78
588938.535
593360.937
603822.888
608355.3
622619.93
618564.228
592517.527
606969.174
628857.497
653063.364
660863.073
648486.948
660034.331
617607.141
603643.205
598912.775
604746.972
605084.336
644893.288
579290.658
560819.979
548520.861
545741.275
529335.117
559855.558
568777.369
571868.65
570464.189
581721.879
571050.909
584351.118
578062.213
558579.442
555238.805
555667.844
571362.604
545572.593
545290.234
535550.682
543662.086
550552.379
531938.687
540640.478
540409.457
541986.267
542041.272
528906.078
522466.826
475107.521
493504.86
