99.5833333












75.4333333












67.8166667











73.175











60.4583333











86












88.4166667











84.1583333











84.6083333











75.4166667












77.85











68.7083333












71.1166667











61.6583333











85.6916667












63.225











65.9666667












79.9416667












74.7333333












85.2666667












80.575












82.6583333












82.4583333











73.8












77.4666667












74.4083333











84.4416667












78.7166667











81.8












71.425











70.1333333












66.8083333











81.6583333












84.4666667











87.5












70.0666667












63.8666667












71.1583333












88.5416667











86.3416667












102.7












80.8333333












93.1583333












63.4666667












81.125












68.7583333












75.3916667












85.2166667












90.7916667












81.425












68.5333333












