
156.041667












198.883333













168.308333













149.641667


















176.9


















149.591667













175.508333













166.833333














186.1














147.616667














131.133333













187.35













172.066667













133.791667













188.875













176.933333













146.808333













143.525













124.008333













136.566667













178.85












174.008333













191.358333













179.433333

















196.641667














126.791667













167.5













127.216667













165.516667













156.816667













189.608333













162.45













164.45













123.35













155.491667













181.075













183.083333













208.008333













165.6


















181.9













133.191667













149.125












130.991667













149.008333













150.458333













178.325












