91.95











108.116667











146.141667










107.341667











104.6











130.166667











133.958333











96.75











77.6416667











84.0416667











113











87.4166667











104.25











90.4166667











106.333333











85.3333333











81.5416667











82.1666667











87











75.9166667











73.3333333











108.125











77.75











86.75











74.1666667











86.75











70.0416667










72.4583333











70.125











87.5











96.0833333











87.0833333











83.875











70.1666667











99.1666667










90











95.1666667











109.958333









96.375











95.4583333











113.083333










84.625











85.625










95.125











86.7083333










91.4583333











91.25











85.8333333











75.6666667











78.1666667










94.8333333










103.083333











