
9.60833333











9.45











9.46666667











8.475











8.59166667











9.94166667











9.73333333












9.3











9.25833333











9.56666667











9.68333333











9.19166667











9.54166667











9.61666667











10











10.0833333











9.48333333











9.425











8.80833333











9.41666667











9.24166667











9.84166667











10.0333333











9.73333333











8.85833333











8.74166667











9.05











9.775











10.5











10.625











9.525











9.85833333











9.49166667











10.2416667











10.525











9.2











10.5333333











10.3333333











10.6166667











10.3083333











9.93333333











10.6083333











10.5











10.4833333











10.4416667











10.825











10.475











9.95











10.1083333











8.83333333











10.7083333









10.025











9.49166667














