6.00833333











7.175











6.63333333











6.95











5.96666667











6.14166667











5.95833333











6.35











7.25833333











5.01666667











6.33333333











5.81666667











6.79166667











6.66666667











6.10833333











6.59166667











6.3











6.325











6.64166667











6.40833333











5.85833333











6.14166667











6.93333333











5.88333333











6.33333333











6.04166667











5.68333333











6.15833333











6.10833333











7.38333333











8.225











7.275











6.65833333











6.575











7.24166667











7.55











6.16666667











6.85











6.625











6.98333333











6.65











6.00833333











7.03333333











6.83333333











7.68333333











7.05833333











6.96666667











7.00833333











7.125











6.88333333











7.50833333












