10.0833333












10.625












10.2583333











10.25











9.65833333











7.63333333










11.025











9.86666667












10.5083333












9.95833333












9.51666667












9.48333333












9.13333333












9.11666667











9.61666667












9.95833333











9.18333333











9.76666667











9.86666667











9.98333333











10.0916667











9.89166667











10.5166667











9.66666667











10.4333333











9.85833333












8.93333333











10.4833333











11.0666667











10.5583333











10.2416667












10.3166667











10.25











11.0666667











10.1166667











10.825











11.075











9.85833333












10.8333333











11.375











10.35











10.2083333











10.2833333











10.375











10.9583333












11.4833333











10.875












10.7333333











10.3











9.93333333












10.3083333











11.05











9.94166667











9.86666667











9.05833333










